.Random.seed <-
c(403L, 429L, 1908012952L, -69561287L, -2087165203L, 189339064L, 
530297241L, -1253445704L, 926471489L, -257953400L, -320668754L, 
-2042009931L, 1362924214L, -495267226L, 817990080L, 2116026133L, 
-300356020L, -2011767349L, -1359342218L, -93793822L, 825264514L, 
2117146811L, 281020871L, -1408462205L, -1970510848L, 1053432823L, 
-2033337860L, -2125143614L, -783833017L, 810265230L, 36217030L, 
-2028432982L, -887980947L, -1906115544L, -940171300L, -1355021321L, 
-1227710421L, -1715170701L, -1774504208L, -1288475704L, 1082716919L, 
23399209L, -1367681013L, 2111022871L, 1028834109L, 164883650L, 
-1227623795L, 2048560135L, -989275487L, -811476316L, -548370916L, 
-910201051L, -123660348L, 2022407786L, -237008718L, 1781521623L, 
2024149837L, 876167196L, -962235086L, 1490478868L, 1453245288L, 
687914164L, 1752831450L, 540438715L, 741573528L, -1330995222L, 
-1034154543L, 1114137496L, 466831084L, -468179155L, -2086652867L, 
1090353451L, 200648836L, -783752890L, 675833497L, 1193620609L, 
333332987L, -95592121L, 1782834173L, 681968428L, -1956907462L, 
-1508350505L, 532612447L, -443070627L, -571118336L, -1852811492L, 
295558950L, 751052408L, 1683788698L, -84835477L, 757800105L, 
-330493029L, -1688765670L, -686565599L, 865824516L, -911284897L, 
42435908L, 921541051L, -1055047299L, -179964841L, -1134204290L, 
-656708209L, 1632550963L, -99976203L, -1156849298L, -1359052880L, 
-633545291L, 1755529311L, -1780288026L, 2038110680L, 2131223584L, 
134991140L, -854967548L, 186614053L, 619480048L, 970164335L, 
1210074445L, 28515570L, 592608382L, -1272641101L, -2132018043L, 
-2106189882L, 1346118557L, 153559138L, -1162776113L, -84513630L, 
-196220570L, -2045828176L, -540102723L, 374604556L, 1619932976L, 
-1674097781L, -1707903850L, -1249399243L, 686525644L, -13396685L, 
-2006439592L, -492173298L, -1222964269L, -310487191L, -336469878L, 
-753104316L, -1385661704L, 1485479391L, -1023352629L, -2017943111L, 
1379693053L, 1519774983L, 1516336041L, 1890690604L, 682150856L, 
120118258L, -286118030L, 2059644963L, 670945243L, -1901583768L, 
1107438528L, 369503028L, -634489700L, -2016058891L, 491858912L, 
-309129862L, -789170737L, -376323077L, 11370331L, 2069843452L, 
-879785608L, 1171252438L, -826416751L, 93819622L, 2064444550L, 
264930937L, 1624729754L, 977029598L, -1395068983L, 166834693L, 
201719755L, -999628970L, 746620653L, 1022062071L, 1317830128L, 
1666848347L, 34146433L, 1648151488L, 699198498L, -1588504003L, 
-453943576L, 1482376651L, 1902054253L, 1831350990L, 1966031265L, 
-403582819L, -849252530L, -1718375434L, -1028582786L, 1599411253L, 
1389425526L, -539263474L, 558650840L, 1444137249L, -1218040711L, 
-1782757423L, 577571215L, 1874492336L, -1151997130L, 1797507733L, 
-804842329L, 1649107915L, -1296151443L, 678881298L, 1944782160L, 
-203910868L, 214858847L, -370632823L, 864580791L, 2044346890L, 
-1906588294L, -1894098749L, -1518094304L, 1229775777L, 275311542L, 
-1927355651L, 1900814405L, 667139312L, -538550471L, 1809748121L, 
1911552136L, 797090999L, 1519955272L, 2044036649L, 122228146L, 
-1506090351L, -150801191L, -374888631L, 1072924669L, 256577836L, 
-1286093322L, 1019341465L, 706355105L, 2103667627L, -1707764228L, 
1110989257L, 936122013L, 1577707996L, -816623491L, 1347530815L, 
446385915L, -2101388795L, 858331218L, -1474136204L, 2069251933L, 
-1940085405L, -330705362L, 1798323831L, -159957358L, 818718960L, 
-1146824686L, 1735225549L, -468715919L, 1386569403L, 1340009128L, 
1933281988L, 507099471L, -597536045L, 301640564L, -425647785L, 
-1720756790L, 1583514748L, -919413580L, -1771317501L, 508290542L, 
759870685L, 1208735662L, -1802111508L, -239775877L, -1796459387L, 
110035552L, 1395286089L, -701310742L, 563126275L, 1028682838L, 
-1491964161L, -112810720L, -800860383L, -1359739147L, -1064783143L, 
-442689279L, 694796352L, 976919289L, 1112336011L, 1212433669L, 
859017888L, -702043794L, 1631385600L, 1601930433L, 2097066363L, 
-1894784508L, 320162970L, -925762830L, 1796293972L, -400495320L, 
-958040488L, 2013062329L, 1252210338L, 977251600L, -1019436700L, 
-1142466090L, -246261648L, -71059049L, -747688440L, -1621810655L, 
-448880735L, 546195826L, 329660621L, -1145281565L, -1727376449L, 
1883673900L, -892608741L, -1050468934L, -638893521L, 32940515L, 
1999760855L, -1542640676L, 1621926834L, 1791013635L, 1790995926L, 
4504056L, -1501384183L, -552815611L, -1621742192L, 781861265L, 
1617293758L, 293759428L, 2092743039L, 1224848383L, -1454767060L, 
-1509027953L, 1556500782L, 564798513L, -513071421L, -1077262925L, 
718660061L, -229695430L, 1010936841L, -37893266L, 1751997301L, 
776516999L, -1942692597L, 26659438L, -485364651L, 1891153161L, 
-2092791179L, 1494501725L, -225581005L, -725696744L, -321169010L, 
-602693264L, 1942344152L, 1633862941L, -1425513450L, 867961434L, 
-1048217976L, 1929750337L, 1233954339L, 1329267949L, 719889008L, 
1181703812L, -1717043653L, 1653085199L, 1017553160L, 1800419350L, 
132876069L, 2079431951L, -2053004914L, 1551053973L, -608676970L, 
18798567L, 1310470271L, -339106389L, 1370367349L, 277560636L, 
-882551271L, 1420570902L, -793683398L, -1563019206L, 2082997801L, 
-2063590638L, 1238410904L, -160008355L, -1182815964L, 13130139L, 
-1448278189L, -583919779L, -994573947L, -1041863127L, -350808133L, 
-1094303657L, -1442606622L, 1320754226L, -1353200102L, 2143566500L, 
-187232078L, -1482158576L, -1478076482L, 1102008863L, 179527976L, 
-959450936L, -1149235823L, 1173073901L, 435066069L, 82588690L, 
-1135092430L, -1928204645L, -427579997L, 1952530136L, 1907939906L, 
-883328370L, -1268065474L, -2034011113L, -1898568612L, -127548744L, 
1255982660L, 1665218346L, 1718977865L, 1969984656L, 43506843L, 
13608531L, -812110613L, -299302209L, 855244667L, 82033029L, 1436622497L, 
197319498L, 1127142553L, -452576047L, 1799008377L, 1905999005L, 
1971067432L, -2146249204L, -1990348601L, -2133043590L, 846672056L, 
1953301498L, -1282751114L, -2025633267L, 2010036079L, -1263116551L, 
1972964499L, -583057431L, -195105138L, -440485992L, 2033137805L, 
407387017L, 463807892L, 1322683088L, -2014736747L, -579502100L, 
101064658L, -542169212L, -1926103427L, 138270735L, 1111271470L, 
189441684L, -1289244016L, 628635319L, -1318596064L, 130026753L, 
1439575520L, 1790121925L, 1156081446L, 2060465723L, 782745478L, 
374657301L, -482157196L, 808613057L, 87678029L, 1057410997L, 
432397901L, -1592165522L, 1016787838L, -53548052L, -1648495125L, 
187188379L, -965731411L, 1937874981L, -1323825074L, -672143060L, 
785335130L, -1924561833L, 1799215305L, -1327856324L, -1377141489L, 
535032773L, 1895051277L, -1767105646L, 748275821L, -812031999L, 
462292437L, 1985304357L, -778867868L, -1188206971L, -1220518854L, 
-904958072L, -494174113L, -939582640L, 1249450207L, 203033826L, 
1277234682L, 1268594391L, -2008364587L, 717985976L, -568091507L, 
-381904816L, 1554331889L, -407414192L, 1144101922L, 1410679065L, 
-177754571L, 2091371216L, 2023864687L, -1756803644L, -1305196007L, 
1122010552L, 454208984L, 710315629L, 1658682474L, -918658876L, 
1337282150L, -441203178L, 858015777L, 744716847L, 1851552861L, 
2023305395L, -1190914652L, -1398006676L, 512527761L, -1840871768L, 
-374114564L, -503662905L, 323439592L, -1291233070L, 1110068399L, 
-650622121L, 274116194L, 916308664L, -1228089516L, 1099962245L, 
740395370L, -812790077L, -1606561389L, 2059664053L, -1366176548L, 
-189943202L, 1525921049L, -1310575837L, 868100798L, 1555319123L, 
-1538546764L, -1414173092L, -136950329L, -746051447L, 625597571L, 
-213128081L, 279876627L, -770096629L, 1846637207L, 236293979L, 
-471199587L, -1970481079L, -817483552L, -1407054856L, -1366941216L, 
28158210L, 1037910167L, 1711645521L, 822114133L, 680920532L, 
-1401757152L, 319653254L, 823456066L, 741126597L, -1487148507L, 
868671059L, -1979160838L, -81657840L, -1450529811L, 298003323L, 
-1850935511L, 1753139975L, -7995632L, 1824910722L, 1701036990L, 
321371799L, 442902807L, -1344981584L, -759489933L, 1267692675L, 
516535544L, -1401282057L, 55551L, -1721045745L, 1733967713L, 
-1176791023L, -764394454L, 1392240801L, 1439744466L, -838284623L, 
